 -70.00000000 -140.00000000 -38.26509866 
 -70.00000000 -139.50000000 -38.26516130 
 -70.00000000 -139.00000000 -38.26521983 
 -70.00000000 -138.50000000 -38.26527612 
 -70.00000000 -138.00000000 -38.26532971 
 -70.00000000 -137.50000000 -38.26538232 
 -70.00000000 -137.00000000 -38.26543238 
 -70.00000000 -136.50000000 -38.26547963 
 -70.00000000 -136.00000000 -38.26552395 
 -70.00000000 -135.50000000 -38.26556517 
 -70.00000000 -135.00000000 -38.26560309 
 -70.00000000 -134.50000000 -38.26563744 
 -70.00000000 -134.00000000 -38.26566797 
 -70.00000000 -133.50000000 -38.26569439 
 -70.00000000 -133.00000000 -38.26571643 
 -70.00000000 -132.50000000 -38.26573378 
 -70.00000000 -132.00000000 -38.26574613 
 -70.00000000 -131.50000000 -38.26575246 
 -70.00000000 -131.00000000 -38.26575428 
 -70.00000000 -130.50000000 -38.26574914 
 -70.00000000 -130.00000000 -38.26573870 
 -69.50000000 -140.00000000 -38.26507219 
 -69.50000000 -139.50000000 -38.26513283 
 -69.50000000 -139.00000000 -38.26519055 
 -69.50000000 -138.50000000 -38.26524460 
 -69.50000000 -138.00000000 -38.26529687 
 -69.50000000 -137.50000000 -38.26534768 
 -69.50000000 -137.00000000 -38.26539603 
 -69.50000000 -136.50000000 -38.26544168 
 -69.50000000 -136.00000000 -38.26548449 
 -69.50000000 -135.50000000 -38.26552425 
 -69.50000000 -135.00000000 -38.26556075 
 -69.50000000 -134.50000000 -38.26559373 
 -69.50000000 -134.00000000 -38.26562293 
 -69.50000000 -133.50000000 -38.26564810 
 -69.50000000 -133.00000000 -38.26566894 
 -69.50000000 -132.50000000 -38.26568444 
 -69.50000000 -132.00000000 -38.26569624 
 -69.50000000 -131.50000000 -38.26570176 
 -69.50000000 -131.00000000 -38.26570287 
 -69.50000000 -130.50000000 -38.26569703 
 -69.50000000 -130.00000000 -38.26568600 
 -69.00000000 -140.00000000 -38.26505538 
 -69.00000000 -139.50000000 -38.26511034 
 -69.00000000 -139.00000000 -38.26516436 
 -69.00000000 -138.50000000 -38.26521741 
 -69.00000000 -138.00000000 -38.26526844 
 -69.00000000 -137.50000000 -38.26531725 
 -69.00000000 -137.00000000 -38.26536374 
 -69.00000000 -136.50000000 -38.26540770 
 -69.00000000 -136.00000000 -38.26544891 
 -69.00000000 -135.50000000 -38.26548715 
 -69.00000000 -135.00000000 -38.26552217 
 -69.00000000 -134.50000000 -38.26555374 
 -69.00000000 -134.00000000 -38.26558159 
 -69.00000000 -133.50000000 -38.26560471 
 -69.00000000 -133.00000000 -38.26562481 
 -69.00000000 -132.50000000 -38.26563929 
 -69.00000000 -132.00000000 -38.26565012 
 -69.00000000 -131.50000000 -38.26565469 
 -69.00000000 -131.00000000 -38.26565491 
 -69.00000000 -130.50000000 -38.26564830 
 -69.00000000 -130.00000000 -38.26563659 
 -68.50000000 -140.00000000 -38.26503880 
 -68.50000000 -139.50000000 -38.26509234 
 -68.50000000 -139.00000000 -38.26514428 
 -68.50000000 -138.50000000 -38.26519504 
 -68.50000000 -138.00000000 -38.26524394 
 -68.50000000 -137.50000000 -38.26529083 
 -68.50000000 -137.00000000 -38.26533475 
 -68.50000000 -136.50000000 -38.26537744 
 -68.50000000 -136.00000000 -38.26541723 
 -68.50000000 -135.50000000 -38.26545317 
 -68.50000000 -135.00000000 -38.26548712 
 -68.50000000 -134.50000000 -38.26551745 
 -68.50000000 -134.00000000 -38.26554321 
 -68.50000000 -133.50000000 -38.26556620 
 -68.50000000 -133.00000000 -38.26558395 
 -68.50000000 -132.50000000 -38.26559840 
 -68.50000000 -132.00000000 -38.26560699 
 -68.50000000 -131.50000000 -38.26561163 
 -68.50000000 -131.00000000 -38.26560985 
 -68.50000000 -130.50000000 -38.26560342 
 -68.50000000 -130.00000000 -38.26559001 
 -68.00000000 -140.00000000 -38.26502685 
 -68.00000000 -139.50000000 -38.26507877 
 -68.00000000 -139.00000000 -38.26512865 
 -68.00000000 -138.50000000 -38.26517655 
 -68.00000000 -138.00000000 -38.26522362 
 -68.00000000 -137.50000000 -38.26526863 
 -68.00000000 -137.00000000 -38.26531069 
 -68.00000000 -136.50000000 -38.26535154 
 -68.00000000 -136.00000000 -38.26538810 
 -68.00000000 -135.50000000 -38.26542404 
 -68.00000000 -135.00000000 -38.26545632 
 -68.00000000 -134.50000000 -38.26548425 
 -68.00000000 -134.00000000 -38.26550969 
 -68.00000000 -133.50000000 -38.26553025 
 -68.00000000 -133.00000000 -38.26554783 
 -68.00000000 -132.50000000 -38.26555993 
 -68.00000000 -132.00000000 -38.26556845 
 -68.00000000 -131.50000000 -38.26557095 
 -68.00000000 -131.00000000 -38.26556921 
 -68.00000000 -130.50000000 -38.26556090 
 -68.00000000 -130.00000000 -38.26554767 
 -67.50000000 -140.00000000 -38.26501986 
 -67.50000000 -139.50000000 -38.26506978 
 -67.50000000 -139.00000000 -38.26511753 
 -67.50000000 -138.50000000 -38.26516326 
 -67.50000000 -138.00000000 -38.26520798 
 -67.50000000 -137.50000000 -38.26525007 
 -67.50000000 -137.00000000 -38.26529129 
 -67.50000000 -136.50000000 -38.26532856 
 -67.50000000 -136.00000000 -38.26536544 
 -67.50000000 -135.50000000 -38.26539899 
 -67.50000000 -135.00000000 -38.26542800 
 -67.50000000 -134.50000000 -38.26545581 
 -67.50000000 -134.00000000 -38.26547870 
 -67.50000000 -133.50000000 -38.26549905 
 -67.50000000 -133.00000000 -38.26551362 
 -67.50000000 -132.50000000 -38.26552593 
 -67.50000000 -132.00000000 -38.26553220 
 -67.50000000 -131.50000000 -38.26553472 
 -67.50000000 -131.00000000 -38.26553096 
 -67.50000000 -130.50000000 -38.26552269 
 -67.50000000 -130.00000000 -38.26550768 
 -67.00000000 -140.00000000 -38.26501786 
 -67.00000000 -139.50000000 -38.26506555 
 -67.00000000 -139.00000000 -38.26511104 
 -67.00000000 -138.50000000 -38.26515448 
 -67.00000000 -138.00000000 -38.26519617 
 -67.00000000 -137.50000000 -38.26523716 
 -67.00000000 -137.00000000 -38.26527459 
 -67.00000000 -136.50000000 -38.26531190 
 -67.00000000 -136.00000000 -38.26534531 
 -67.00000000 -135.50000000 -38.26537731 
 -67.00000000 -135.00000000 -38.26540463 
 -67.00000000 -134.50000000 -38.26543084 
 -67.00000000 -134.00000000 -38.26545216 
 -67.00000000 -133.50000000 -38.26547099 
 -67.00000000 -133.00000000 -38.26548415 
 -67.00000000 -132.50000000 -38.26549508 
 -67.00000000 -132.00000000 -38.26550010 
 -67.00000000 -131.50000000 -38.26550143 
 -67.00000000 -131.00000000 -38.26549607 
 -67.00000000 -130.50000000 -38.26548721 
 -67.00000000 -130.00000000 -38.26547133 
 -66.50000000 -140.00000000 -38.26502092 
 -66.50000000 -139.50000000 -38.26506617 
 -66.50000000 -139.00000000 -38.26510927 
 -66.50000000 -138.50000000 -38.26514988 
 -66.50000000 -138.00000000 -38.26518953 
 -66.50000000 -137.50000000 -38.26522813 
 -66.50000000 -137.00000000 -38.26526335 
 -66.50000000 -136.50000000 -38.26529847 
 -66.50000000 -136.00000000 -38.26532985 
 -66.50000000 -135.50000000 -38.26535985 
 -66.50000000 -135.00000000 -38.26538533 
 -66.50000000 -134.50000000 -38.26540847 
 -66.50000000 -134.00000000 -38.26542993 
 -66.50000000 -133.50000000 -38.26544558 
 -66.50000000 -133.00000000 -38.26545791 
 -66.50000000 -132.50000000 -38.26546779 
 -66.50000000 -132.00000000 -38.26547110 
 -66.50000000 -131.50000000 -38.26547022 
 -66.50000000 -131.00000000 -38.26546597 
 -66.50000000 -130.50000000 -38.26545435 
 -66.50000000 -130.00000000 -38.26543766 
 -66.00000000 -140.00000000 -38.26502910 
 -66.00000000 -139.50000000 -38.26507172 
 -66.00000000 -139.00000000 -38.26511228 
 -66.00000000 -138.50000000 -38.26515037 
 -66.00000000 -138.00000000 -38.26518753 
 -66.00000000 -137.50000000 -38.26522358 
 -66.00000000 -137.00000000 -38.26525648 
 -66.00000000 -136.50000000 -38.26528821 
 -66.00000000 -136.00000000 -38.26531903 
 -66.00000000 -135.50000000 -38.26534537 
 -66.00000000 -135.00000000 -38.26536963 
 -66.00000000 -134.50000000 -38.26539250 
 -66.00000000 -134.00000000 -38.26540998 
 -66.00000000 -133.50000000 -38.26542452 
 -66.00000000 -133.00000000 -38.26543694 
 -66.00000000 -132.50000000 -38.26544317 
 -66.00000000 -132.00000000 -38.26544561 
 -66.00000000 -131.50000000 -38.26544504 
 -66.00000000 -131.00000000 -38.26543751 
 -66.00000000 -130.50000000 -38.26542531 
 -66.00000000 -130.00000000 -38.26540911 
 -65.50000000 -140.00000000 -38.26504430 
 -65.50000000 -139.50000000 -38.26508331 
 -65.50000000 -139.00000000 -38.26511998 
 -65.50000000 -138.50000000 -38.26515574 
 -65.50000000 -138.00000000 -38.26518989 
 -65.50000000 -137.50000000 -38.26522343 
 -65.50000000 -137.00000000 -38.26525386 
 -65.50000000 -136.50000000 -38.26528327 
 -65.50000000 -136.00000000 -38.26531184 
 -65.50000000 -135.50000000 -38.26533605 
 -65.50000000 -135.00000000 -38.26535827 
 -65.50000000 -134.50000000 -38.26537916 
 -65.50000000 -134.00000000 -38.26539481 
 -65.50000000 -133.50000000 -38.26540761 
 -65.50000000 -133.00000000 -38.26541834 
 -65.50000000 -132.50000000 -38.26542303 
 -65.50000000 -132.00000000 -38.26542403 
 -65.50000000 -131.50000000 -38.26542207 
 -65.50000000 -131.00000000 -38.26541330 
 -65.50000000 -130.50000000 -38.26539995 
 -65.50000000 -130.00000000 -38.26538268 
 -65.00000000 -140.00000000 -38.26506264 
 -65.00000000 -139.50000000 -38.26509852 
 -65.00000000 -139.00000000 -38.26513306 
 -65.00000000 -138.50000000 -38.26516546 
 -65.00000000 -138.00000000 -38.26519719 
 -65.00000000 -137.50000000 -38.26522800 
 -65.00000000 -137.00000000 -38.26525592 
 -65.00000000 -136.50000000 -38.26528286 
 -65.00000000 -136.00000000 -38.26530896 
 -65.00000000 -135.50000000 -38.26533091 
 -65.00000000 -135.00000000 -38.26535101 
 -65.00000000 -134.50000000 -38.26536979 
 -65.00000000 -134.00000000 -38.26538350 
 -65.00000000 -133.50000000 -38.26539448 
 -65.00000000 -133.00000000 -38.26540344 
 -65.00000000 -132.50000000 -38.26540650 
 -65.00000000 -132.00000000 -38.26540598 
 -65.00000000 -131.50000000 -38.26540258 
 -65.00000000 -131.00000000 -38.26539249 
 -65.00000000 -130.50000000 -38.26537793 
 -65.00000000 -130.00000000 -38.26535953 
 -64.50000000 -140.00000000 -38.26508590 
 -64.50000000 -139.50000000 -38.26511914 
 -64.50000000 -139.00000000 -38.26515076 
 -64.50000000 -138.50000000 -38.26518029 
 -64.50000000 -138.00000000 -38.26520918 
 -64.50000000 -137.50000000 -38.26523651 
 -64.50000000 -137.00000000 -38.26526326 
 -64.50000000 -136.50000000 -38.26528688 
 -64.50000000 -136.00000000 -38.26530934 
 -64.50000000 -135.50000000 -38.26533085 
 -64.50000000 -135.00000000 -38.26534807 
 -64.50000000 -134.50000000 -38.26536326 
 -64.50000000 -134.00000000 -38.26537696 
 -64.50000000 -133.50000000 -38.26538547 
 -64.50000000 -133.00000000 -38.26539107 
 -64.50000000 -132.50000000 -38.26539446 
 -64.50000000 -132.00000000 -38.26539182 
 -64.50000000 -131.50000000 -38.26538541 
 -64.50000000 -131.00000000 -38.26537590 
 -64.50000000 -130.50000000 -38.26535958 
 -64.50000000 -130.00000000 -38.26533858 
 -64.00000000 -140.00000000 -38.26511658 
 -64.00000000 -139.50000000 -38.26514591 
 -64.00000000 -139.00000000 -38.26517331 
 -64.00000000 -138.50000000 -38.26520013 
 -64.00000000 -138.00000000 -38.26522568 
 -64.00000000 -137.50000000 -38.26525010 
 -64.00000000 -137.00000000 -38.26527413 
 -64.00000000 -136.50000000 -38.26529510 
 -64.00000000 -136.00000000 -38.26531500 
 -64.00000000 -135.50000000 -38.26533402 
 -64.00000000 -135.00000000 -38.26534892 
 -64.00000000 -134.50000000 -38.26536188 
 -64.00000000 -134.00000000 -38.26537344 
 -64.00000000 -133.50000000 -38.26537995 
 -64.00000000 -133.00000000 -38.26538365 
 -64.00000000 -132.50000000 -38.26538521 
 -64.00000000 -132.00000000 -38.26538091 
 -64.00000000 -131.50000000 -38.26537292 
 -64.00000000 -131.00000000 -38.26536193 
 -64.00000000 -130.50000000 -38.26534426 
 -64.00000000 -130.00000000 -38.26532202 
 -63.50000000 -140.00000000 -38.26515043 
 -63.50000000 -139.50000000 -38.26517630 
 -63.50000000 -139.00000000 -38.26520121 
 -63.50000000 -138.50000000 -38.26522436 
 -63.50000000 -138.00000000 -38.26524716 
 -63.50000000 -137.50000000 -38.26526863 
 -63.50000000 -137.00000000 -38.26528968 
 -63.50000000 -136.50000000 -38.26530789 
 -63.50000000 -136.00000000 -38.26532514 
 -63.50000000 -135.50000000 -38.26534154 
 -63.50000000 -135.00000000 -38.26535399 
 -63.50000000 -134.50000000 -38.26536463 
 -63.50000000 -134.00000000 -38.26537390 
 -63.50000000 -133.50000000 -38.26537831 
 -63.50000000 -133.00000000 -38.26538002 
 -63.50000000 -132.50000000 -38.26537968 
 -63.50000000 -132.00000000 -38.26537360 
 -63.50000000 -131.50000000 -38.26536396 
 -63.50000000 -131.00000000 -38.26535142 
 -63.50000000 -130.50000000 -38.26533233 
 -63.50000000 -130.00000000 -38.26530877 
 -63.00000000 -140.00000000 -38.26518921 
 -63.00000000 -139.50000000 -38.26521211 
 -63.00000000 -139.00000000 -38.26523378 
 -63.00000000 -138.50000000 -38.26525375 
 -63.00000000 -138.00000000 -38.26527340 
 -63.00000000 -137.50000000 -38.26529181 
 -63.00000000 -137.00000000 -38.26530911 
 -63.00000000 -136.50000000 -38.26532596 
 -63.00000000 -136.00000000 -38.26533974 
 -63.00000000 -135.50000000 -38.26535239 
 -63.00000000 -135.00000000 -38.26536407 
 -63.00000000 -134.50000000 -38.26537167 
 -63.00000000 -134.00000000 -38.26537728 
 -63.00000000 -133.50000000 -38.26538140 
 -63.00000000 -133.00000000 -38.26538050 
 -63.00000000 -132.50000000 -38.26537673 
 -63.00000000 -132.00000000 -38.26537074 
 -63.00000000 -131.50000000 -38.26535889 
 -63.00000000 -131.00000000 -38.26534327 
 -63.00000000 -130.50000000 -38.26532456 
 -63.00000000 -130.00000000 -38.26529917 
 -62.50000000 -140.00000000 -38.26523537 
 -62.50000000 -139.50000000 -38.26525409 
 -62.50000000 -139.00000000 -38.26527126 
 -62.50000000 -138.50000000 -38.26528821 
 -62.50000000 -138.00000000 -38.26530423 
 -62.50000000 -137.50000000 -38.26531943 
 -62.50000000 -137.00000000 -38.26533440 
 -62.50000000 -136.50000000 -38.26534677 
 -62.50000000 -136.00000000 -38.26535842 
 -62.50000000 -135.50000000 -38.26536934 
 -62.50000000 -135.00000000 -38.26537662 
 -62.50000000 -134.50000000 -38.26538232 
 -62.50000000 -134.00000000 -38.26538682 
 -62.50000000 -133.50000000 -38.26538675 
 -62.50000000 -133.00000000 -38.26538420 
 -62.50000000 -132.50000000 -38.26537979 
 -62.50000000 -132.00000000 -38.26536994 
 -62.50000000 -131.50000000 -38.26535672 
 -62.50000000 -131.00000000 -38.26534084 
 -62.50000000 -130.50000000 -38.26531868 
 -62.50000000 -130.00000000 -38.26529227 
 -62.00000000 -140.00000000 -38.26528465 
 -62.00000000 -139.50000000 -38.26529964 
 -62.00000000 -139.00000000 -38.26531403 
 -62.00000000 -138.50000000 -38.26532705 
 -62.00000000 -138.00000000 -38.26534003 
 -62.00000000 -137.50000000 -38.26535200 
 -62.00000000 -137.00000000 -38.26536309 
 -62.00000000 -136.50000000 -38.26537385 
 -62.00000000 -136.00000000 -38.26538184 
 -62.00000000 -135.50000000 -38.26538891 
 -62.00000000 -135.00000000 -38.26539515 
 -62.00000000 -134.50000000 -38.26539762 
 -62.00000000 -134.00000000 -38.26539833 
 -62.00000000 -133.50000000 -38.26539771 
 -62.00000000 -133.00000000 -38.26539238 
 -62.00000000 -132.50000000 -38.26538440 
 -62.00000000 -132.00000000 -38.26537441 
 -62.00000000 -131.50000000 -38.26535884 
 -62.00000000 -131.00000000 -38.26533972 
 -62.00000000 -130.50000000 -38.26531777 
 -62.00000000 -130.00000000 -38.26528939 
 -61.50000000 -140.00000000 -38.26533878 
 -61.50000000 -139.50000000 -38.26535056 
 -61.50000000 -139.00000000 -38.26536146 
 -61.50000000 -138.50000000 -38.26537103 
 -61.50000000 -138.00000000 -38.26538060 
 -61.50000000 -137.50000000 -38.26538924 
 -61.50000000 -137.00000000 -38.26539708 
 -61.50000000 -136.50000000 -38.26540462 
 -61.50000000 -136.00000000 -38.26540958 
 -61.50000000 -135.50000000 -38.26541373 
 -61.50000000 -135.00000000 -38.26541709 
 -61.50000000 -134.50000000 -38.26541685 
 -61.50000000 -134.00000000 -38.26541497 
 -61.50000000 -133.50000000 -38.26541184 
 -61.50000000 -133.00000000 -38.26540415 
 -61.50000000 -132.50000000 -38.26539393 
 -61.50000000 -132.00000000 -38.26538180 
 -61.50000000 -131.50000000 -38.26536424 
 -61.50000000 -131.00000000 -38.26534325 
 -61.50000000 -130.50000000 -38.26531955 
 -61.50000000 -130.00000000 -38.26528956 
 -61.00000000 -140.00000000 -38.26540015 
 -61.00000000 -139.50000000 -38.26540754 
 -61.00000000 -139.00000000 -38.26541375 
 -61.00000000 -138.50000000 -38.26542007 
 -61.00000000 -138.00000000 -38.26542577 
 -61.00000000 -137.50000000 -38.26543095 
 -61.00000000 -137.00000000 -38.26543547 
 -61.00000000 -136.50000000 -38.26543979 
 -61.00000000 -136.00000000 -38.26544161 
 -61.00000000 -135.50000000 -38.26544276 
 -61.00000000 -135.00000000 -38.26544322 
 -61.00000000 -134.50000000 -38.26544021 
 -61.00000000 -134.00000000 -38.26543565 
 -61.00000000 -133.50000000 -38.26542994 
 -61.00000000 -133.00000000 -38.26541981 
 -61.00000000 -132.50000000 -38.26540726 
 -61.00000000 -132.00000000 -38.26539293 
 -61.00000000 -131.50000000 -38.26537329 
 -61.00000000 -131.00000000 -38.26535033 
 -61.00000000 -130.50000000 -38.26532481 
 -61.00000000 -130.00000000 -38.26529313 
 -60.50000000 -140.00000000 -38.26546454 
 -60.50000000 -139.50000000 -38.26546802 
 -60.50000000 -139.00000000 -38.26547122 
 -60.50000000 -138.50000000 -38.26547340 
 -60.50000000 -138.00000000 -38.26547583 
 -60.50000000 -137.50000000 -38.26547756 
 -60.50000000 -137.00000000 -38.26547868 
 -60.50000000 -136.50000000 -38.26547898 
 -60.50000000 -136.00000000 -38.26547901 
 -60.50000000 -135.50000000 -38.26547639 
 -60.50000000 -135.00000000 -38.26547289 
 -60.50000000 -134.50000000 -38.26546861 
 -60.50000000 -134.00000000 -38.26546071 
 -60.50000000 -133.50000000 -38.26545109 
 -60.50000000 -133.00000000 -38.26544021 
 -60.50000000 -132.50000000 -38.26542477 
 -60.50000000 -132.00000000 -38.26540672 
 -60.50000000 -131.50000000 -38.26538677 
 -60.50000000 -131.00000000 -38.26536137 
 -60.50000000 -130.50000000 -38.26533245 
 -60.50000000 -130.00000000 -38.26530084 
 -60.00000000 -140.00000000 -38.26553365 
 -60.00000000 -139.50000000 -38.26553373 
 -60.00000000 -139.00000000 -38.26553325 
 -60.00000000 -138.50000000 -38.26553178 
 -60.00000000 -138.00000000 -38.26553059 
 -60.00000000 -137.50000000 -38.26552878 
 -60.00000000 -137.00000000 -38.26552644 
 -60.00000000 -136.50000000 -38.26552336 
 -60.00000000 -136.00000000 -38.26551934 
 -60.00000000 -135.50000000 -38.26551498 
 -60.00000000 -135.00000000 -38.26550779 
 -60.00000000 -134.50000000 -38.26549953 
 -60.00000000 -134.00000000 -38.26549040 
 -60.00000000 -133.50000000 -38.26547751 
 -60.00000000 -133.00000000 -38.26546272 
 -60.00000000 -132.50000000 -38.26544657 
 -60.00000000 -132.00000000 -38.26542571 
 -60.00000000 -131.50000000 -38.26540205 
 -60.00000000 -131.00000000 -38.26537639 
 -60.00000000 -130.50000000 -38.26534511 
 -60.00000000 -130.00000000 -38.26531012 
