 110.00000000 -130.00000000 -38.26350247 
 110.00000000 -129.50000000 -38.26354566 
 110.00000000 -129.00000000 -38.26358369 
 110.00000000 -128.50000000 -38.26361634 
 110.00000000 -128.00000000 -38.26364327 
 110.00000000 -127.50000000 -38.26366422 
 110.00000000 -127.00000000 -38.26367979 
 110.00000000 -126.50000000 -38.26368808 
 110.00000000 -126.00000000 -38.26371332 
 110.00000000 -125.50000000 -38.26371810 
 110.00000000 -125.00000000 -38.26371562 
 110.00000000 -124.50000000 -38.26370722 
 110.00000000 -124.00000000 -38.26375261 
 110.00000000 -123.50000000 -38.26375055 
 110.00000000 -123.00000000 -38.26374018 
 110.00000000 -122.50000000 -38.26372044 
 110.00000000 -122.00000000 -38.26371255 
 110.00000000 -121.50000000 -38.26368025 
 110.00000000 -121.00000000 -38.26363757 
 110.00000000 -120.50000000 -38.26358434 
 110.00000000 -120.00000000 -38.26352069 
 110.50000000 -130.00000000 -38.26345917 
 110.50000000 -129.50000000 -38.26350160 
 110.50000000 -129.00000000 -38.26353890 
 110.50000000 -128.50000000 -38.26357098 
 110.50000000 -128.00000000 -38.26359749 
 110.50000000 -127.50000000 -38.26361819 
 110.50000000 -127.00000000 -38.26363373 
 110.50000000 -126.50000000 -38.26364211 
 110.50000000 -126.00000000 -38.26366996 
 110.50000000 -125.50000000 -38.26367553 
 110.50000000 -125.00000000 -38.26367474 
 110.50000000 -124.50000000 -38.26370327 
 110.50000000 -124.00000000 -38.26370470 
 110.50000000 -123.50000000 -38.26369919 
 110.50000000 -123.00000000 -38.26370641 
 110.50000000 -122.50000000 -38.26369155 
 110.50000000 -122.00000000 -38.26366710 
 110.50000000 -121.50000000 -38.26363371 
 110.50000000 -121.00000000 -38.26358954 
 110.50000000 -120.50000000 -38.26353592 
 110.50000000 -120.00000000 -38.26347094 
 111.00000000 -130.00000000 -38.26341941 
 111.00000000 -129.50000000 -38.26346128 
 111.00000000 -129.00000000 -38.26349844 
 111.00000000 -128.50000000 -38.26352967 
 111.00000000 -128.00000000 -38.26355561 
 111.00000000 -127.50000000 -38.26357655 
 111.00000000 -127.00000000 -38.26359094 
 111.00000000 -126.50000000 -38.26361791 
 111.00000000 -126.00000000 -38.26362730 
 111.00000000 -125.50000000 -38.26362998 
 111.00000000 -125.00000000 -38.26362698 
 111.00000000 -124.50000000 -38.26366330 
 111.00000000 -124.00000000 -38.26366432 
 111.00000000 -123.50000000 -38.26365832 
 111.00000000 -123.00000000 -38.26366706 
 111.00000000 -122.50000000 -38.26365222 
 111.00000000 -122.00000000 -38.26362803 
 111.00000000 -121.50000000 -38.26359485 
 111.00000000 -121.00000000 -38.26355112 
 111.00000000 -120.50000000 -38.26349800 
 111.00000000 -120.00000000 -38.26343364 
 111.50000000 -130.00000000 -38.26338591 
 111.50000000 -129.50000000 -38.26342599 
 111.50000000 -129.00000000 -38.26346143 
 111.50000000 -128.50000000 -38.26349199 
 111.50000000 -128.00000000 -38.26351735 
 111.50000000 -127.50000000 -38.26353799 
 111.50000000 -127.00000000 -38.26355204 
 111.50000000 -126.50000000 -38.26358061 
 111.50000000 -126.00000000 -38.26359044 
 111.50000000 -125.50000000 -38.26359366 
 111.50000000 -125.00000000 -38.26359131 
 111.50000000 -124.50000000 -38.26362909 
 111.50000000 -124.00000000 -38.26363200 
 111.50000000 -123.50000000 -38.26362768 
 111.50000000 -123.00000000 -38.26361475 
 111.50000000 -122.50000000 -38.26361699 
 111.50000000 -122.00000000 -38.26359431 
 111.50000000 -121.50000000 -38.26356199 
 111.50000000 -121.00000000 -38.26352039 
 111.50000000 -120.50000000 -38.26346782 
 111.50000000 -120.00000000 -38.26340531 
 112.00000000 -130.00000000 -38.26335505 
 112.00000000 -129.50000000 -38.26339421 
 112.00000000 -129.00000000 -38.26342866 
 112.00000000 -128.50000000 -38.26345831 
 112.00000000 -128.00000000 -38.26348356 
 112.00000000 -127.50000000 -38.26350262 
 112.00000000 -127.00000000 -38.26351724 
 112.00000000 -126.50000000 -38.26354702 
 112.00000000 -126.00000000 -38.26355713 
 112.00000000 -125.50000000 -38.26356083 
 112.00000000 -125.00000000 -38.26355909 
 112.00000000 -124.50000000 -38.26359613 
 112.00000000 -124.00000000 -38.26359897 
 112.00000000 -123.50000000 -38.26359471 
 112.00000000 -123.00000000 -38.26358191 
 112.00000000 -122.50000000 -38.26358306 
 112.00000000 -122.00000000 -38.26356047 
 112.00000000 -121.50000000 -38.26352835 
 112.00000000 -121.00000000 -38.26348703 
 112.00000000 -120.50000000 -38.26343485 
 112.00000000 -120.00000000 -38.26337282 
 112.50000000 -130.00000000 -38.26332829 
 112.50000000 -129.50000000 -38.26336659 
 112.50000000 -129.00000000 -38.26340061 
 112.50000000 -128.50000000 -38.26342902 
 112.50000000 -128.00000000 -38.26345329 
 112.50000000 -127.50000000 -38.26347162 
 112.50000000 -127.00000000 -38.26350142 
 112.50000000 -126.50000000 -38.26351501 
 112.50000000 -126.00000000 -38.26352254 
 112.50000000 -125.50000000 -38.26352483 
 112.50000000 -125.00000000 -38.26355675 
 112.50000000 -124.50000000 -38.26356348 
 112.50000000 -124.00000000 -38.26356364 
 112.50000000 -123.50000000 -38.26355584 
 112.50000000 -123.00000000 -38.26356572 
 112.50000000 -122.50000000 -38.26355080 
 112.50000000 -122.00000000 -38.26352689 
 112.50000000 -121.50000000 -38.26349437 
 112.50000000 -121.00000000 -38.26345154 
 112.50000000 -120.50000000 -38.26339955 
 112.50000000 -120.00000000 -38.26333665 
 113.00000000 -130.00000000 -38.26330914 
 113.00000000 -129.50000000 -38.26334490 
 113.00000000 -129.00000000 -38.26337666 
 113.00000000 -128.50000000 -38.26340400 
 113.00000000 -128.00000000 -38.26342740 
 113.00000000 -127.50000000 -38.26344493 
 113.00000000 -127.00000000 -38.26347492 
 113.00000000 -126.50000000 -38.26348826 
 113.00000000 -126.00000000 -38.26349567 
 113.00000000 -125.50000000 -38.26349800 
 113.00000000 -125.00000000 -38.26353016 
 113.00000000 -124.50000000 -38.26353605 
 113.00000000 -124.00000000 -38.26353553 
 113.00000000 -123.50000000 -38.26352717 
 113.00000000 -123.00000000 -38.26353739 
 113.00000000 -122.50000000 -38.26352206 
 113.00000000 -122.00000000 -38.26349779 
 113.00000000 -121.50000000 -38.26346507 
 113.00000000 -121.00000000 -38.26342216 
 113.00000000 -120.50000000 -38.26337026 
 113.00000000 -120.00000000 -38.26330756 
 113.50000000 -130.00000000 -38.26329208 
 113.50000000 -129.50000000 -38.26332645 
 113.50000000 -129.00000000 -38.26335671 
 113.50000000 -128.50000000 -38.26338335 
 113.50000000 -128.00000000 -38.26340458 
 113.50000000 -127.50000000 -38.26342210 
 113.50000000 -127.00000000 -38.26345251 
 113.50000000 -126.50000000 -38.26346556 
 113.50000000 -126.00000000 -38.26347287 
 113.50000000 -125.50000000 -38.26347517 
 113.50000000 -125.00000000 -38.26350739 
 113.50000000 -124.50000000 -38.26351333 
 113.50000000 -124.00000000 -38.26351290 
 113.50000000 -123.50000000 -38.26350475 
 113.50000000 -123.00000000 -38.26351214 
 113.50000000 -122.50000000 -38.26349671 
 113.50000000 -122.00000000 -38.26347238 
 113.50000000 -121.50000000 -38.26343964 
 113.50000000 -121.00000000 -38.26339680 
 113.50000000 -120.50000000 -38.26334505 
 113.50000000 -120.00000000 -38.26328262 
 114.00000000 -130.00000000 -38.26327921 
 114.00000000 -129.50000000 -38.26331225 
 114.00000000 -129.00000000 -38.26334105 
 114.00000000 -128.50000000 -38.26336628 
 114.00000000 -128.00000000 -38.26338620 
 114.00000000 -127.50000000 -38.26340262 
 114.00000000 -127.00000000 -38.26343404 
 114.00000000 -126.50000000 -38.26344662 
 114.00000000 -126.00000000 -38.26345365 
 114.00000000 -125.50000000 -38.26345590 
 114.00000000 -125.00000000 -38.26348748 
 114.00000000 -124.50000000 -38.26349258 
 114.00000000 -124.00000000 -38.26349158 
 114.00000000 -123.50000000 -38.26348287 
 114.00000000 -123.00000000 -38.26349033 
 114.00000000 -122.50000000 -38.26347454 
 114.00000000 -122.00000000 -38.26345009 
 114.00000000 -121.50000000 -38.26341730 
 114.00000000 -121.00000000 -38.26337459 
 114.00000000 -120.50000000 -38.26332300 
 114.00000000 -120.00000000 -38.26326083 
 114.50000000 -130.00000000 -38.26327373 
 114.50000000 -129.50000000 -38.26330408 
 114.50000000 -129.00000000 -38.26333087 
 114.50000000 -128.50000000 -38.26335445 
 114.50000000 -128.00000000 -38.26337296 
 114.50000000 -127.50000000 -38.26338821 
 114.50000000 -127.00000000 -38.26341929 
 114.50000000 -126.50000000 -38.26343135 
 114.50000000 -126.00000000 -38.26343858 
 114.50000000 -125.50000000 -38.26343961 
 114.50000000 -125.00000000 -38.26347071 
 114.50000000 -124.50000000 -38.26347494 
 114.50000000 -124.00000000 -38.26347300 
 114.50000000 -123.50000000 -38.26346346 
 114.50000000 -123.00000000 -38.26347118 
 114.50000000 -122.50000000 -38.26345480 
 114.50000000 -122.00000000 -38.26342993 
 114.50000000 -121.50000000 -38.26339684 
 114.50000000 -121.00000000 -38.26335396 
 114.50000000 -120.50000000 -38.26330233 
 114.50000000 -120.00000000 -38.26324022 
 115.00000000 -130.00000000 -38.26327077 
 115.00000000 -129.50000000 -38.26329921 
 115.00000000 -129.00000000 -38.26332411 
 115.00000000 -128.50000000 -38.26334593 
 115.00000000 -128.00000000 -38.26336281 
 115.00000000 -127.50000000 -38.26339295 
 115.00000000 -127.00000000 -38.26340711 
 115.00000000 -126.50000000 -38.26341627 
 115.00000000 -126.00000000 -38.26342104 
 115.00000000 -125.50000000 -38.26344769 
 115.00000000 -125.00000000 -38.26345379 
 115.00000000 -124.50000000 -38.26345337 
 115.00000000 -124.00000000 -38.26344763 
 115.00000000 -123.50000000 -38.26346344 
 115.00000000 -123.00000000 -38.26345258 
 115.00000000 -122.50000000 -38.26343409 
 115.00000000 -122.00000000 -38.26340686 
 115.00000000 -121.50000000 -38.26337131 
 115.00000000 -121.00000000 -38.26333092 
 115.00000000 -120.50000000 -38.26327889 
 115.00000000 -120.00000000 -38.26323910 
 115.50000000 -130.00000000 -38.26327203 
 115.50000000 -129.50000000 -38.26329875 
 115.50000000 -129.00000000 -38.26332240 
 115.50000000 -128.50000000 -38.26334142 
 115.50000000 -128.00000000 -38.26335762 
 115.50000000 -127.50000000 -38.26338738 
 115.50000000 -127.00000000 -38.26340052 
 115.50000000 -126.50000000 -38.26340884 
 115.50000000 -126.00000000 -38.26341298 
 115.50000000 -125.50000000 -38.26343918 
 115.50000000 -125.00000000 -38.26344467 
 115.50000000 -124.50000000 -38.26344375 
 115.50000000 -124.00000000 -38.26343759 
 115.50000000 -123.50000000 -38.26345187 
 115.50000000 -123.00000000 -38.26344045 
 115.50000000 -122.50000000 -38.26342173 
 115.50000000 -122.00000000 -38.26339443 
 115.50000000 -121.50000000 -38.26335888 
 115.50000000 -121.00000000 -38.26331538 
 115.50000000 -120.50000000 -38.26326198 
 115.50000000 -120.00000000 -38.26323693 
 116.00000000 -130.00000000 -38.26328147 
 116.00000000 -129.50000000 -38.26330499 
 116.00000000 -129.00000000 -38.26332565 
 116.00000000 -128.50000000 -38.26334362 
 116.00000000 -128.00000000 -38.26335703 
 116.00000000 -127.50000000 -38.26338549 
 116.00000000 -127.00000000 -38.26339748 
 116.00000000 -126.50000000 -38.26340470 
 116.00000000 -126.00000000 -38.26340782 
 116.00000000 -125.50000000 -38.26343439 
 116.00000000 -125.00000000 -38.26343906 
 116.00000000 -124.50000000 -38.26343748 
 116.00000000 -124.00000000 -38.26343075 
 116.00000000 -123.50000000 -38.26344245 
 116.00000000 -123.00000000 -38.26343019 
 116.00000000 -122.50000000 -38.26341013 
 116.00000000 -122.00000000 -38.26338269 
 116.00000000 -121.50000000 -38.26334634 
 116.00000000 -121.00000000 -38.26330234 
 116.00000000 -120.50000000 -38.26324857 
 116.00000000 -120.00000000 -38.26322901 
 116.50000000 -130.00000000 -38.26329297 
 116.50000000 -129.50000000 -38.26331415 
 116.50000000 -129.00000000 -38.26333297 
 116.50000000 -128.50000000 -38.26334778 
 116.50000000 -128.00000000 -38.26336024 
 116.50000000 -127.50000000 -38.26338854 
 116.50000000 -127.00000000 -38.26339934 
 116.50000000 -126.50000000 -38.26340561 
 116.50000000 -126.00000000 -38.26340801 
 116.50000000 -125.50000000 -38.26343314 
 116.50000000 -125.00000000 -38.26343696 
 116.50000000 -124.50000000 -38.26343463 
 116.50000000 -124.00000000 -38.26342720 
 116.50000000 -123.50000000 -38.26343660 
 116.50000000 -123.00000000 -38.26342349 
 116.50000000 -122.50000000 -38.26340268 
 116.50000000 -122.00000000 -38.26337459 
 116.50000000 -121.50000000 -38.26333773 
 116.50000000 -121.00000000 -38.26329330 
 116.50000000 -120.50000000 -38.26323921 
 116.50000000 -120.00000000 -38.26322372 
 117.00000000 -130.00000000 -38.26330865 
 117.00000000 -129.50000000 -38.26332764 
 117.00000000 -129.00000000 -38.26334419 
 117.00000000 -128.50000000 -38.26335670 
 117.00000000 -128.00000000 -38.26336707 
 117.00000000 -127.50000000 -38.26339564 
 117.00000000 -127.00000000 -38.26340510 
 117.00000000 -126.50000000 -38.26341023 
 117.00000000 -126.00000000 -38.26341166 
 117.00000000 -125.50000000 -38.26343553 
 117.00000000 -125.00000000 -38.26343831 
 117.00000000 -124.50000000 -38.26343504 
 117.00000000 -124.00000000 -38.26342675 
 117.00000000 -123.50000000 -38.26343395 
 117.00000000 -123.00000000 -38.26341989 
 117.00000000 -122.50000000 -38.26339825 
 117.00000000 -122.00000000 -38.26336941 
 117.00000000 -121.50000000 -38.26333194 
 117.00000000 -121.00000000 -38.26328699 
 117.00000000 -120.50000000 -38.26323250 
 117.00000000 -120.00000000 -38.26322122 
 117.50000000 -130.00000000 -38.26333173 
 117.50000000 -129.50000000 -38.26334743 
 117.50000000 -129.00000000 -38.26336132 
 117.50000000 -128.50000000 -38.26337146 
 117.50000000 -128.00000000 -38.26337970 
 117.50000000 -127.50000000 -38.26340663 
 117.50000000 -127.00000000 -38.26341463 
 117.50000000 -126.50000000 -38.26341891 
 117.50000000 -126.00000000 -38.26341815 
 117.50000000 -125.50000000 -38.26344248 
 117.50000000 -125.00000000 -38.26344429 
 117.50000000 -124.50000000 -38.26344121 
 117.50000000 -124.00000000 -38.26343174 
 117.50000000 -123.50000000 -38.26341740 
 117.50000000 -123.00000000 -38.26342081 
 117.50000000 -122.50000000 -38.26339956 
 117.50000000 -122.00000000 -38.26337105 
 117.50000000 -121.50000000 -38.26333399 
 117.50000000 -121.00000000 -38.26328920 
 117.50000000 -120.50000000 -38.26323499 
 117.50000000 -120.00000000 -38.26317339 
 118.00000000 -130.00000000 -38.26335739 
 118.00000000 -129.50000000 -38.26337031 
 118.00000000 -129.00000000 -38.26338149 
 118.00000000 -128.50000000 -38.26338906 
 118.00000000 -128.00000000 -38.26339494 
 118.00000000 -127.50000000 -38.26342230 
 118.00000000 -127.00000000 -38.26342873 
 118.00000000 -126.50000000 -38.26343164 
 118.00000000 -126.00000000 -38.26342968 
 118.00000000 -125.50000000 -38.26345194 
 118.00000000 -125.00000000 -38.26345237 
 118.00000000 -124.50000000 -38.26344737 
 118.00000000 -124.00000000 -38.26343742 
 118.00000000 -123.50000000 -38.26342084 
 118.00000000 -123.00000000 -38.26342365 
 118.00000000 -122.50000000 -38.26340145 
 118.00000000 -122.00000000 -38.26337207 
 118.00000000 -121.50000000 -38.26333430 
 118.00000000 -121.00000000 -38.26328891 
 118.00000000 -120.50000000 -38.26323424 
 118.00000000 -120.00000000 -38.26317219 
 118.50000000 -130.00000000 -38.26338717 
 118.50000000 -129.50000000 -38.26339759 
 118.50000000 -129.00000000 -38.26340614 
 118.50000000 -128.50000000 -38.26341443 
 118.50000000 -128.00000000 -38.26341804 
 118.50000000 -127.50000000 -38.26344225 
 118.50000000 -127.00000000 -38.26344705 
 118.50000000 -126.50000000 -38.26344864 
 118.50000000 -126.00000000 -38.26344548 
 118.50000000 -125.50000000 -38.26346532 
 118.50000000 -125.00000000 -38.26346428 
 118.50000000 -124.50000000 -38.26345791 
 118.50000000 -124.00000000 -38.26344668 
 118.50000000 -123.50000000 -38.26342894 
 118.50000000 -123.00000000 -38.26342959 
 118.50000000 -122.50000000 -38.26340634 
 118.50000000 -122.00000000 -38.26337601 
 118.50000000 -121.50000000 -38.26333742 
 118.50000000 -121.00000000 -38.26329133 
 118.50000000 -120.50000000 -38.26323610 
 118.50000000 -120.00000000 -38.26317354 
 119.00000000 -130.00000000 -38.26342465 
 119.00000000 -129.50000000 -38.26343142 
 119.00000000 -129.00000000 -38.26343696 
 119.00000000 -128.50000000 -38.26343919 
 119.00000000 -128.00000000 -38.26346023 
 119.00000000 -127.50000000 -38.26346433 
 119.00000000 -127.00000000 -38.26346557 
 119.00000000 -126.50000000 -38.26346252 
 119.00000000 -126.00000000 -38.26346009 
 119.00000000 -125.50000000 -38.26345172 
 119.00000000 -125.00000000 -38.26348061 
 119.00000000 -124.50000000 -38.26347426 
 119.00000000 -124.00000000 -38.26346182 
 119.00000000 -123.50000000 -38.26344449 
 119.00000000 -123.00000000 -38.26342038 
 119.00000000 -122.50000000 -38.26349083 
 119.00000000 -122.00000000 -38.26345374 
 119.00000000 -121.50000000 -38.26340951 
 119.00000000 -121.00000000 -38.26335783 
 119.00000000 -120.50000000 -38.26329900 
 119.00000000 -120.00000000 -38.26323131 
 119.50000000 -130.00000000 -38.26346434 
 119.50000000 -129.50000000 -38.26346794 
 119.50000000 -129.00000000 -38.26347042 
 119.50000000 -128.50000000 -38.26347328 
 119.50000000 -128.00000000 -38.26347183 
 119.50000000 -127.50000000 -38.26349457 
 119.50000000 -127.00000000 -38.26349567 
 119.50000000 -126.50000000 -38.26349390 
 119.50000000 -126.00000000 -38.26348766 
 119.50000000 -125.50000000 -38.26350337 
 119.50000000 -125.00000000 -38.26349893 
 119.50000000 -124.50000000 -38.26349007 
 119.50000000 -124.00000000 -38.26347531 
 119.50000000 -123.50000000 -38.26345600 
 119.50000000 -123.00000000 -38.26345184 
 119.50000000 -122.50000000 -38.26342641 
 119.50000000 -122.00000000 -38.26339438 
 119.50000000 -121.50000000 -38.26335468 
 119.50000000 -121.00000000 -38.26330712 
 119.50000000 -120.50000000 -38.26325143 
 119.50000000 -120.00000000 -38.26318717 
 120.00000000 -130.00000000 -38.26350798 
 120.00000000 -129.50000000 -38.26350876 
 120.00000000 -129.00000000 -38.26350828 
 120.00000000 -128.50000000 -38.26350858 
 120.00000000 -128.00000000 -38.26350456 
 120.00000000 -127.50000000 -38.26352693 
 120.00000000 -127.00000000 -38.26352598 
 120.00000000 -126.50000000 -38.26352235 
 120.00000000 -126.00000000 -38.26351437 
 120.00000000 -125.50000000 -38.26352773 
 120.00000000 -125.00000000 -38.26352136 
 120.00000000 -124.50000000 -38.26351028 
 120.00000000 -124.00000000 -38.26349466 
 120.00000000 -123.50000000 -38.26347286 
 120.00000000 -123.00000000 -38.26344656 
 120.00000000 -122.50000000 -38.26352554 
 120.00000000 -122.00000000 -38.26348635 
 120.00000000 -121.50000000 -38.26343986 
 120.00000000 -121.00000000 -38.26338603 
 120.00000000 -120.50000000 -38.26332513 
 120.00000000 -120.00000000 -38.26325564 
